
Tool0 = Instance.new("Tool")
Part1 = Instance.new("Part")
SpecialMesh2 = Instance.new("SpecialMesh")
Part3 = Instance.new("Part")
SpecialMesh4 = Instance.new("SpecialMesh")
Part5 = Instance.new("Part")
SpecialMesh6 = Instance.new("SpecialMesh")
Part7 = Instance.new("Part")
SpecialMesh8 = Instance.new("SpecialMesh")
Part9 = Instance.new("Part")
SpecialMesh10 = Instance.new("SpecialMesh")
Part11 = Instance.new("Part")
SpecialMesh12 = Instance.new("SpecialMesh")
Part13 = Instance.new("Part")
SpecialMesh14 = Instance.new("SpecialMesh")
Part15 = Instance.new("Part")
SpecialMesh16 = Instance.new("SpecialMesh")
Part17 = Instance.new("Part")
SpecialMesh18 = Instance.new("SpecialMesh")
Part19 = Instance.new("Part")
SpecialMesh20 = Instance.new("SpecialMesh")
Part21 = Instance.new("Part")
SpecialMesh22 = Instance.new("SpecialMesh")
Part23 = Instance.new("Part")
SpecialMesh24 = Instance.new("SpecialMesh")
Part25 = Instance.new("Part")
SpecialMesh26 = Instance.new("SpecialMesh")
Part27 = Instance.new("Part")
SpecialMesh28 = Instance.new("SpecialMesh")
Part29 = Instance.new("Part")
SpecialMesh30 = Instance.new("SpecialMesh")
Part31 = Instance.new("Part")
SpecialMesh32 = Instance.new("SpecialMesh")
Part33 = Instance.new("Part")
SpecialMesh34 = Instance.new("SpecialMesh")
Part35 = Instance.new("Part")
SpecialMesh36 = Instance.new("SpecialMesh")
Part37 = Instance.new("Part")
SpecialMesh38 = Instance.new("SpecialMesh")
Part39 = Instance.new("Part")
SpecialMesh40 = Instance.new("SpecialMesh")
Part41 = Instance.new("Part")
SpecialMesh42 = Instance.new("SpecialMesh")
Part43 = Instance.new("Part")
SpecialMesh44 = Instance.new("SpecialMesh")
Part45 = Instance.new("Part")
SpecialMesh46 = Instance.new("SpecialMesh")
Part47 = Instance.new("Part")
SpecialMesh48 = Instance.new("SpecialMesh")
Part49 = Instance.new("Part")
SpecialMesh50 = Instance.new("SpecialMesh")
Part51 = Instance.new("Part")
SpecialMesh52 = Instance.new("SpecialMesh")
Part53 = Instance.new("Part")
SpecialMesh54 = Instance.new("SpecialMesh")
Part55 = Instance.new("Part")
SpecialMesh56 = Instance.new("SpecialMesh")
Part57 = Instance.new("Part")
SpecialMesh58 = Instance.new("SpecialMesh")
Part59 = Instance.new("Part")
SpecialMesh60 = Instance.new("SpecialMesh")
Part61 = Instance.new("Part")
SpecialMesh62 = Instance.new("SpecialMesh")
Part63 = Instance.new("Part")
SpecialMesh64 = Instance.new("SpecialMesh")
Part65 = Instance.new("Part")
SpecialMesh66 = Instance.new("SpecialMesh")
Part67 = Instance.new("Part")
SpecialMesh68 = Instance.new("SpecialMesh")
Part69 = Instance.new("Part")
SpecialMesh70 = Instance.new("SpecialMesh")
Part71 = Instance.new("Part")
SpecialMesh72 = Instance.new("SpecialMesh")
Sound73 = Instance.new("Sound")
Weld74 = Instance.new("Weld")
Weld75 = Instance.new("Weld")
Weld76 = Instance.new("Weld")
Weld77 = Instance.new("Weld")
Weld78 = Instance.new("Weld")
Weld79 = Instance.new("Weld")
Weld80 = Instance.new("Weld")
Weld81 = Instance.new("Weld")
Weld82 = Instance.new("Weld")
Weld83 = Instance.new("Weld")
Weld84 = Instance.new("Weld")
Weld85 = Instance.new("Weld")
Weld86 = Instance.new("Weld")
Weld87 = Instance.new("Weld")
Weld88 = Instance.new("Weld")
Weld89 = Instance.new("Weld")
Weld90 = Instance.new("Weld")
Weld91 = Instance.new("Weld")
Weld92 = Instance.new("Weld")
Weld93 = Instance.new("Weld")
Weld94 = Instance.new("Weld")
Weld95 = Instance.new("Weld")
Weld96 = Instance.new("Weld")
Weld97 = Instance.new("Weld")
Weld98 = Instance.new("Weld")
Weld99 = Instance.new("Weld")
Weld100 = Instance.new("Weld")
Weld101 = Instance.new("Weld")
Weld102 = Instance.new("Weld")
Weld103 = Instance.new("Weld")
Weld104 = Instance.new("Weld")
Weld105 = Instance.new("Weld")
Weld106 = Instance.new("Weld")
Weld107 = Instance.new("Weld")
Weld108 = Instance.new("Weld")
Weld109 = Instance.new("Weld")
Weld110 = Instance.new("Weld")
Weld111 = Instance.new("Weld")
Weld112 = Instance.new("Weld")
Weld113 = Instance.new("Weld")
Weld114 = Instance.new("Weld")
Weld115 = Instance.new("Weld")
Weld116 = Instance.new("Weld")
Weld117 = Instance.new("Weld")
Weld118 = Instance.new("Weld")
Weld119 = Instance.new("Weld")
Weld120 = Instance.new("Weld")
Weld121 = Instance.new("Weld")
Weld122 = Instance.new("Weld")
Weld123 = Instance.new("Weld")
Weld124 = Instance.new("Weld")
Weld125 = Instance.new("Weld")
Weld126 = Instance.new("Weld")
Weld127 = Instance.new("Weld")
Weld128 = Instance.new("Weld")
Weld129 = Instance.new("Weld")
Weld130 = Instance.new("Weld")
Weld131 = Instance.new("Weld")
Weld132 = Instance.new("Weld")
Weld133 = Instance.new("Weld")
Weld134 = Instance.new("Weld")
Weld135 = Instance.new("Weld")
Weld136 = Instance.new("Weld")
Weld137 = Instance.new("Weld")
Weld138 = Instance.new("Weld")
Weld139 = Instance.new("Weld")
Weld140 = Instance.new("Weld")
Weld141 = Instance.new("Weld")
Weld142 = Instance.new("Weld")
Weld143 = Instance.new("Weld")
Weld144 = Instance.new("Weld")
Weld145 = Instance.new("Weld")
Weld146 = Instance.new("Weld")
Weld147 = Instance.new("Weld")
Weld148 = Instance.new("Weld")
Weld149 = Instance.new("Weld")
Weld150 = Instance.new("Weld")
Weld151 = Instance.new("Weld")
Weld152 = Instance.new("Weld")
Weld153 = Instance.new("Weld")
Weld154 = Instance.new("Weld")
Weld155 = Instance.new("Weld")
Weld156 = Instance.new("Weld")
Weld157 = Instance.new("Weld")
Weld158 = Instance.new("Weld")
Weld159 = Instance.new("Weld")
Weld160 = Instance.new("Weld")
Weld161 = Instance.new("Weld")
Weld162 = Instance.new("Weld")
Weld163 = Instance.new("Weld")
Part164 = Instance.new("Part")
SpecialMesh165 = Instance.new("SpecialMesh")
Part166 = Instance.new("Part")
SpecialMesh167 = Instance.new("SpecialMesh")
Part168 = Instance.new("Part")
SpecialMesh169 = Instance.new("SpecialMesh")
Part170 = Instance.new("Part")
SpecialMesh171 = Instance.new("SpecialMesh")
Part172 = Instance.new("Part")
SpecialMesh173 = Instance.new("SpecialMesh")
Part174 = Instance.new("Part")
SpecialMesh175 = Instance.new("SpecialMesh")
Part176 = Instance.new("Part")
SpecialMesh177 = Instance.new("SpecialMesh")
Part178 = Instance.new("Part")
SpecialMesh179 = Instance.new("SpecialMesh")
Part180 = Instance.new("Part")
SpecialMesh181 = Instance.new("SpecialMesh")
Part182 = Instance.new("Part")
SpecialMesh183 = Instance.new("SpecialMesh")
Part184 = Instance.new("Part")
SpecialMesh185 = Instance.new("SpecialMesh")
Part186 = Instance.new("Part")
SpecialMesh187 = Instance.new("SpecialMesh")
Part188 = Instance.new("Part")
SpecialMesh189 = Instance.new("SpecialMesh")
Part190 = Instance.new("Part")
SpecialMesh191 = Instance.new("SpecialMesh")
Part192 = Instance.new("Part")
SpecialMesh193 = Instance.new("SpecialMesh")
Part194 = Instance.new("Part")
SpecialMesh195 = Instance.new("SpecialMesh")
Part196 = Instance.new("Part")
SpecialMesh197 = Instance.new("SpecialMesh")
Part198 = Instance.new("Part")
SpecialMesh199 = Instance.new("SpecialMesh")
Part200 = Instance.new("Part")
SpecialMesh201 = Instance.new("SpecialMesh")
Part202 = Instance.new("Part")
SpecialMesh203 = Instance.new("SpecialMesh")
Part204 = Instance.new("Part")
SpecialMesh205 = Instance.new("SpecialMesh")
Part206 = Instance.new("Part")
SpecialMesh207 = Instance.new("SpecialMesh")
Part208 = Instance.new("Part")
SpecialMesh209 = Instance.new("SpecialMesh")
Part210 = Instance.new("Part")
SpecialMesh211 = Instance.new("SpecialMesh")
Part212 = Instance.new("Part")
SpecialMesh213 = Instance.new("SpecialMesh")
Script214 = Instance.new("Script")
Script215 = Instance.new("Script")
Script216 = Instance.new("Script")
Script217 = Instance.new("Script")
Script218 = Instance.new("Script")
WeldConstraint219 = Instance.new("WeldConstraint")
WeldConstraint220 = Instance.new("WeldConstraint")
LocalScript221 = Instance.new("LocalScript")
RemoteEvent222 = Instance.new("RemoteEvent")
RemoteEvent223 = Instance.new("RemoteEvent")
Part224 = Instance.new("Part")
Weld225 = Instance.new("Weld")
Weld226 = Instance.new("Weld")
Weld227 = Instance.new("Weld")
Weld228 = Instance.new("Weld")
Weld229 = Instance.new("Weld")
Part230 = Instance.new("Part")
Sound231 = Instance.new("Sound")
Sound232 = Instance.new("Sound")
Sound233 = Instance.new("Sound")
Folder234 = Instance.new("Folder")
Sound235 = Instance.new("Sound")
local att = Instance.new("Attachment",Part71)
att.Position = Vector3.new(0.017, 0.148, -5.998)
Tool0.Name = "ScopedKar98"
Tool0.Parent = owner.Backpack
Tool0.Grip = CFrame.new(0.311894894, 0.00201749802, -0.0255713463, 0.990270913, 0.00416794093, 0.139090866, -0.00451129721, 0.999987602, 0.00215339614, -0.139080137, -0.00275992556, 0.99027741)
Tool0.GripForward = Vector3.new(-0.1390908658504486, -0.002153396140784025, -0.9902774095535278)
Tool0.GripPos = Vector3.new(0.31189489364624023, 0.002017498016357422, -0.025571346282958984)
Tool0.GripRight = Vector3.new(0.9902709126472473, -0.0045112972147762775, -0.13908013701438904)
Tool0.GripUp = Vector3.new(0.004167940933257341, 0.9999876022338867, -0.0027599255554378033)
Part1.Parent = Tool0
Part1.CFrame = CFrame.new(-4.10709524, 3.79098058, 5.92342281, 0.0817119554, 0.00644658739, 0.996635199, 0.0183695462, 0.999806106, -0.00797304511, -0.996491373, 0.0189593937, 0.0815761536)
Part1.Orientation = Vector3.new(0.46000000834465027, 85.31999969482422, 1.0499999523162842)
Part1.Position = Vector3.new(-4.107095241546631, 3.790980577468872, 5.923422813415527)
Part1.Rotation = Vector3.new(5.579999923706055, 85.30000305175781, -4.510000228881836)
Part1.Color = Color3.new(0.486275, 0.360784, 0.27451)
Part1.Size = Vector3.new(1, 0.4000000059604645, 1)
Part1.BottomSurface = Enum.SurfaceType.Smooth
Part1.BrickColor = BrickColor.new("Brown")
Part1.TopSurface = Enum.SurfaceType.Smooth
Part1.brickColor = BrickColor.new("Brown")
Part1.FormFactor = Enum.FormFactor.Plate
Part1.formFactor = Enum.FormFactor.Plate
SpecialMesh2.Parent = Part1
SpecialMesh2.Scale = Vector3.new(0.20000000298023224, 0.09999999403953552, 0.5)
SpecialMesh2.MeshType = Enum.MeshType.Brick
Part3.Parent = Tool0
Part3.CFrame = CFrame.new(-4.07750559, 3.31843472, 5.51571703, 0.0817119554, 0.00644658739, 0.996635199, 0.0183695462, 0.999806106, -0.00797304511, -0.996491373, 0.0189593937, 0.0815761536)
Part3.Orientation = Vector3.new(0.46000000834465027, 85.31999969482422, 1.0499999523162842)
Part3.Position = Vector3.new(-4.077505588531494, 3.318434715270996, 5.515717029571533)
Part3.Rotation = Vector3.new(5.579999923706055, 85.30000305175781, -4.510000228881836)
Part3.Color = Color3.new(0.486275, 0.360784, 0.27451)
Part3.Size = Vector3.new(1, 0.4000000059604645, 1)
Part3.BottomSurface = Enum.SurfaceType.Smooth
Part3.BrickColor = BrickColor.new("Brown")
Part3.TopSurface = Enum.SurfaceType.Smooth
Part3.brickColor = BrickColor.new("Brown")
Part3.FormFactor = Enum.FormFactor.Plate
Part3.formFactor = Enum.FormFactor.Plate
SpecialMesh4.Parent = Part3
SpecialMesh4.Scale = Vector3.new(0.4000000059604645, 0.30000001192092896, 0.5)
SpecialMesh4.MeshType = Enum.MeshType.Brick
Part5.Parent = Tool0
Part5.CFrame = CFrame.new(-4.09074974, 3.79465461, 5.72411442, 0.996635199, 0.00644658739, -0.0817119554, -0.00797304511, 0.999806106, -0.0183695462, 0.0815761536, 0.0189593937, 0.996491373)
Part5.Orientation = Vector3.new(1.0499999523162842, -4.690000057220459, -0.46000000834465027)
Part5.Position = Vector3.new(-4.090749740600586, 3.794654607772827, 5.724114418029785)
Part5.Rotation = Vector3.new(1.059999942779541, -4.690000057220459, -0.3700000047683716)
Part5.Color = Color3.new(0.486275, 0.360784, 0.27451)
Part5.Size = Vector3.new(1, 0.4000000059604645, 1)
Part5.BottomSurface = Enum.SurfaceType.Smooth
Part5.BrickColor = BrickColor.new("Brown")
Part5.TopSurface = Enum.SurfaceType.Smooth
Part5.brickColor = BrickColor.new("Brown")
Part5.FormFactor = Enum.FormFactor.Plate
Part5.formFactor = Enum.FormFactor.Plate
SpecialMesh6.Parent = Part5
SpecialMesh6.Scale = Vector3.new(0.5, 0.09999999403953552, 0.20000000298023224)
SpecialMesh6.MeshType = Enum.MeshType.Wedge
Part7.Parent = Tool0
Part7.CFrame = CFrame.new(-4.07479811, 3.73834157, 5.52367973, 0.996635199, 0.00644658739, -0.0817119554, -0.00797304511, 0.999806106, -0.0183695462, 0.0815761536, 0.0189593937, 0.996491373)
Part7.Orientation = Vector3.new(1.0499999523162842, -4.690000057220459, -0.46000000834465027)
Part7.Position = Vector3.new(-4.074798107147217, 3.7383415699005127, 5.523679733276367)
Part7.Rotation = Vector3.new(1.059999942779541, -4.690000057220459, -0.3700000047683716)
Part7.Color = Color3.new(0.486275, 0.360784, 0.27451)
Part7.Size = Vector3.new(1, 0.4000000059604645, 1)
Part7.BottomSurface = Enum.SurfaceType.Smooth
Part7.BrickColor = BrickColor.new("Brown")
Part7.TopSurface = Enum.SurfaceType.Smooth
Part7.brickColor = BrickColor.new("Brown")
Part7.FormFactor = Enum.FormFactor.Plate
Part7.formFactor = Enum.FormFactor.Plate
SpecialMesh8.Parent = Part7
SpecialMesh8.Scale = Vector3.new(0.5, 0.19999998807907104, 0.20000000298023224)
SpecialMesh8.MeshType = Enum.MeshType.Wedge
Part9.Parent = Tool0
Part9.CFrame = CFrame.new(-4.08287859, 3.11754036, 5.56174469, 0.996635199, -0.00644658739, 0.0817119554, -0.00797304511, -0.999806106, 0.0183695462, 0.0815761536, -0.0189593937, -0.996491373)
Part9.Orientation = Vector3.new(-1.0499999523162842, 175.30999755859375, -179.5399932861328)
Part9.Position = Vector3.new(-4.082878589630127, 3.1175403594970703, 5.561744689941406)
Part9.Rotation = Vector3.new(-178.94000244140625, 4.690000057220459, 0.3700000047683716)
Part9.Color = Color3.new(0.486275, 0.360784, 0.27451)
Part9.Size = Vector3.new(1, 0.4000000059604645, 1)
Part9.BottomSurface = Enum.SurfaceType.Smooth
Part9.BrickColor = BrickColor.new("Brown")
Part9.TopSurface = Enum.SurfaceType.Smooth
Part9.brickColor = BrickColor.new("Brown")
Part9.FormFactor = Enum.FormFactor.Plate
Part9.formFactor = Enum.FormFactor.Plate
SpecialMesh10.Parent = Part9
SpecialMesh10.Scale = Vector3.new(0.5, 0.09999999403953552, 0.10000000149011612)
SpecialMesh10.MeshType = Enum.MeshType.Wedge
Part11.Parent = Tool0
Part11.CFrame = CFrame.new(-4.0782795, 3.19846153, 5.51344395, 0.0817119554, 0.00644658739, 0.996635199, 0.0183695462, 0.999806106, -0.00797304511, -0.996491373, 0.0189593937, 0.0815761536)
Part11.Orientation = Vector3.new(0.46000000834465027, 85.31999969482422, 1.0499999523162842)
Part11.Position = Vector3.new(-4.078279495239258, 3.1984615325927734, 5.513443946838379)
Part11.Rotation = Vector3.new(5.579999923706055, 85.30000305175781, -4.510000228881836)
Part11.Color = Color3.new(0.486275, 0.360784, 0.27451)
Part11.Size = Vector3.new(1, 0.4000000059604645, 1)
Part11.BottomSurface = Enum.SurfaceType.Smooth
Part11.BrickColor = BrickColor.new("Brown")
Part11.TopSurface = Enum.SurfaceType.Smooth
Part11.brickColor = BrickColor.new("Brown")
Part11.FormFactor = Enum.FormFactor.Plate
Part11.formFactor = Enum.FormFactor.Plate
SpecialMesh12.Parent = Part11
SpecialMesh12.Scale = Vector3.new(0.20000000298023224, 0.30000001192092896, 0.5)
SpecialMesh12.MeshType = Enum.MeshType.Brick
Part13.Parent = Tool0
Part13.CFrame = CFrame.new(-4.08705139, 3.7355864, 5.67315531, 0.0817119554, 0.00644658739, 0.996635199, 0.0183695462, 0.999806106, -0.00797304511, -0.996491373, 0.0189593937, 0.0815761536)
Part13.Orientation = Vector3.new(0.46000000834465027, 85.31999969482422, 1.0499999523162842)
Part13.Position = Vector3.new(-4.0870513916015625, 3.735586404800415, 5.673155307769775)
Part13.Rotation = Vector3.new(5.579999923706055, 85.30000305175781, -4.510000228881836)
Part13.Color = Color3.new(0.486275, 0.360784, 0.27451)
Part13.Size = Vector3.new(1, 0.4000000059604645, 1)
Part13.BottomSurface = Enum.SurfaceType.Smooth
Part13.BrickColor = BrickColor.new("Brown")
Part13.TopSurface = Enum.SurfaceType.Smooth
Part13.brickColor = BrickColor.new("Brown")
Part13.FormFactor = Enum.FormFactor.Plate
Part13.formFactor = Enum.FormFactor.Plate
SpecialMesh14.Parent = Part13
SpecialMesh14.Scale = Vector3.new(0.10000000149011612, 0.19999998807907104, 0.5)
SpecialMesh14.MeshType = Enum.MeshType.Brick
Part15.Parent = Tool0
Part15.CFrame = CFrame.new(-4.09050608, 3.19570565, 5.66292143, 0.996635199, -0.00644658739, 0.0817119554, -0.00797304511, -0.999806106, 0.0183695462, 0.0815761536, -0.0189593937, -0.996491373)
Part15.Orientation = Vector3.new(-1.0499999523162842, 175.30999755859375, -179.5399932861328)
Part15.Position = Vector3.new(-4.090506076812744, 3.1957056522369385, 5.66292142868042)
Part15.Rotation = Vector3.new(-178.94000244140625, 4.690000057220459, 0.3700000047683716)
Part15.Color = Color3.new(0.486275, 0.360784, 0.27451)
Part15.Size = Vector3.new(1, 0.4000000059604645, 1)
Part15.BottomSurface = Enum.SurfaceType.Smooth
Part15.BrickColor = BrickColor.new("Brown")
Part15.TopSurface = Enum.SurfaceType.Smooth
Part15.brickColor = BrickColor.new("Brown")
Part15.FormFactor = Enum.FormFactor.Plate
Part15.formFactor = Enum.FormFactor.Plate
SpecialMesh16.Parent = Part15
SpecialMesh16.Scale = Vector3.new(0.5, 0.30000001192092896, 0.10000000149011612)
SpecialMesh16.MeshType = Enum.MeshType.Wedge
Part17.Parent = Tool0
Part17.CFrame = CFrame.new(-4.15203714, 3.78087711, 6.47149992, -0.996635199, 0.00644658739, 0.0817119554, 0.00797304511, 0.999806106, 0.0183695462, -0.0815761536, 0.0189593937, -0.996491373)
Part17.Orientation = Vector3.new(-1.0499999523162842, 175.30999755859375, 0.46000000834465027)
Part17.Position = Vector3.new(-4.152037143707275, 3.780877113342285, 6.471499919891357)
Part17.Rotation = Vector3.new(-178.94000244140625, 4.690000057220459, -179.6300048828125)
Part17.Color = Color3.new(0.486275, 0.360784, 0.27451)
Part17.Size = Vector3.new(1, 0.4000000059604645, 1)
Part17.BottomSurface = Enum.SurfaceType.Smooth
Part17.BrickColor = BrickColor.new("Brown")
Part17.TopSurface = Enum.SurfaceType.Smooth
Part17.brickColor = BrickColor.new("Brown")
Part17.FormFactor = Enum.FormFactor.Plate
Part17.formFactor = Enum.FormFactor.Plate
SpecialMesh18.Parent = Part17
SpecialMesh18.Scale = Vector3.new(0.5, 0.09999999403953552, 0.8999999761581421)
SpecialMesh18.MeshType = Enum.MeshType.Wedge
Part19.Parent = Tool0
Part19.CFrame = CFrame.new(-4.14158487, 3.50371504, 6.31671524, 0.0817119554, 0.00644658739, 0.996635199, 0.0183695462, 0.999806106, -0.00797304511, -0.996491373, 0.0189593937, 0.0815761536)
Part19.Orientation = Vector3.new(0.46000000834465027, 85.31999969482422, 1.0499999523162842)
Part19.Position = Vector3.new(-4.141584873199463, 3.5037150382995605, 6.316715240478516)
Part19.Rotation = Vector3.new(5.579999923706055, 85.30000305175781, -4.510000228881836)
Part19.Color = Color3.new(0.486275, 0.360784, 0.27451)
Part19.Size = Vector3.new(1, 0.4000000059604645, 1)
Part19.BottomSurface = Enum.SurfaceType.Smooth
Part19.BrickColor = BrickColor.new("Brown")
Part19.TopSurface = Enum.SurfaceType.Smooth
Part19.brickColor = BrickColor.new("Brown")
Part19.FormFactor = Enum.FormFactor.Plate
Part19.formFactor = Enum.FormFactor.Plate
SpecialMesh20.Parent = Part19
SpecialMesh20.Scale = Vector3.new(1.2000000476837158, 1.3000000715255737, 0.5)
SpecialMesh20.MeshType = Enum.MeshType.Brick
Part21.Parent = Tool0
Part21.CFrame = CFrame.new(-4.14390564, 3.14373398, 6.30988121, -0.996635199, -0.00644658739, -0.0817119554, 0.00797304511, -0.999806106, -0.0183695462, -0.0815761536, -0.0189593937, 0.996491373)
Part21.Orientation = Vector3.new(1.0499999523162842, -4.690000057220459, 179.5399932861328)
Part21.Position = Vector3.new(-4.1439056396484375, 3.1437339782714844, 6.309881210327148)
Part21.Rotation = Vector3.new(1.059999942779541, -4.690000057220459, 179.6300048828125)
Part21.Color = Color3.new(0.486275, 0.360784, 0.27451)
Part21.Size = Vector3.new(1, 0.4000000059604645, 1)
Part21.BottomSurface = Enum.SurfaceType.Smooth
Part21.BrickColor = BrickColor.new("Brown")
Part21.TopSurface = Enum.SurfaceType.Smooth
Part21.brickColor = BrickColor.new("Brown")
Part21.FormFactor = Enum.FormFactor.Plate
Part21.formFactor = Enum.FormFactor.Plate
SpecialMesh22.Parent = Part21
SpecialMesh22.Scale = Vector3.new(0.5, 0.5, 1.2000000476837158)
SpecialMesh22.MeshType = Enum.MeshType.Wedge
Part23.Parent = Tool0
Part23.CFrame = CFrame.new(-3.54729247, 3.71260166, 4.5930233, -0.0817119554, 0.00644658739, -0.996635199, -0.0183695462, 0.999806106, 0.00797304511, 0.996491373, 0.0189593937, -0.0815761536)
Part23.Orientation = Vector3.new(-0.46000000834465027, -94.68000030517578, -1.0499999523162842)
Part23.Position = Vector3.new(-3.547292470932007, 3.712601661682129, 4.593023300170898)
Part23.Rotation = Vector3.new(-174.4199981689453, -85.30000305175781, -175.49000549316406)
Part23.Color = Color3.new(0.105882, 0.164706, 0.207843)
Part23.Size = Vector3.new(1, 0.4000000059604645, 1)
Part23.BottomSurface = Enum.SurfaceType.Smooth
Part23.BrickColor = BrickColor.new("Black")
Part23.TopSurface = Enum.SurfaceType.Smooth
Part23.brickColor = BrickColor.new("Black")
Part23.FormFactor = Enum.FormFactor.Plate
Part23.formFactor = Enum.FormFactor.Plate
SpecialMesh24.Parent = Part23
SpecialMesh24.Scale = Vector3.new(0.30000001192092896, 0.3999999761581421, 0.20000000298023224)
Part25.Parent = Tool0
Part25.CFrame = CFrame.new(-3.69604087, 3.83377123, 4.58306551, -0.0817119554, -0.00644658739, 0.996635199, -0.0183695462, -0.999806106, -0.00797304511, 0.996491373, -0.0189593937, 0.0815761536)
Part25.Orientation = Vector3.new(0.46000000834465027, 85.31999969482422, -178.9499969482422)
Part25.Position = Vector3.new(-3.6960408687591553, 3.833771228790283, 4.583065509796143)
Part25.Rotation = Vector3.new(5.579999923706055, 85.30000305175781, 175.49000549316406)
Part25.Color = Color3.new(0.105882, 0.164706, 0.207843)
Part25.Size = Vector3.new(1, 0.4000000059604645, 1)
Part25.BottomSurface = Enum.SurfaceType.Smooth
Part25.BrickColor = BrickColor.new("Black")
Part25.TopSurface = Enum.SurfaceType.Smooth
Part25.brickColor = BrickColor.new("Black")
Part25.FormFactor = Enum.FormFactor.Plate
Part25.formFactor = Enum.FormFactor.Plate
SpecialMesh26.Parent = Part25
SpecialMesh26.Scale = Vector3.new(0.10000000149011612, 0.19999998807907104, 0.10000000149011612)
SpecialMesh26.MeshType = Enum.MeshType.Wedge
Part27.Parent = Tool0
Part27.CFrame = CFrame.new(-3.5963695, 3.83297372, 4.59122372, -0.0817119554, 0.00644658739, -0.996635199, -0.0183695462, 0.999806106, 0.00797304511, 0.996491373, 0.0189593937, -0.0815761536)
Part27.Orientation = Vector3.new(-0.46000000834465027, -94.68000030517578, -1.0499999523162842)
Part27.Position = Vector3.new(-3.596369504928589, 3.8329737186431885, 4.59122371673584)
Part27.Rotation = Vector3.new(-174.4199981689453, -85.30000305175781, -175.49000549316406)
Part27.Color = Color3.new(0.105882, 0.164706, 0.207843)
Part27.Size = Vector3.new(1, 0.4000000059604645, 1)
Part27.BottomSurface = Enum.SurfaceType.Smooth
Part27.BrickColor = BrickColor.new("Black")
Part27.TopSurface = Enum.SurfaceType.Smooth
Part27.brickColor = BrickColor.new("Black")
Part27.FormFactor = Enum.FormFactor.Plate
Part27.formFactor = Enum.FormFactor.Plate
SpecialMesh28.Parent = Part27
SpecialMesh28.Scale = Vector3.new(0.10000000149011612, 0.19999998807907104, 0.10000000149011612)
SpecialMesh28.MeshType = Enum.MeshType.Wedge
Part29.Parent = Tool0
Part29.CFrame = CFrame.new(-3.74518275, 3.93418789, 4.58087921, -0.0817119554, 0.00644658739, -0.996635199, -0.0183695462, 0.999806106, 0.00797304511, 0.996491373, 0.0189593937, -0.0815761536)
Part29.Orientation = Vector3.new(-0.46000000834465027, -94.68000030517578, -1.0499999523162842)
Part29.Position = Vector3.new(-3.745182752609253, 3.934187889099121, 4.580879211425781)
Part29.Rotation = Vector3.new(-174.4199981689453, -85.30000305175781, -175.49000549316406)
Part29.Color = Color3.new(0.105882, 0.164706, 0.207843)
Part29.Size = Vector3.new(1, 0.4000000059604645, 1)
Part29.BottomSurface = Enum.SurfaceType.Smooth
Part29.BrickColor = BrickColor.new("Black")
Part29.TopSurface = Enum.SurfaceType.Smooth
Part29.brickColor = BrickColor.new("Black")
Part29.FormFactor = Enum.FormFactor.Plate
Part29.formFactor = Enum.FormFactor.Plate
SpecialMesh30.Parent = Part29
SpecialMesh30.Scale = Vector3.new(0.10000000149011612, 0.30000001192092896, 0.20000000298023224)
SpecialMesh30.MeshType = Enum.MeshType.Wedge
Part31.Parent = Tool0
Part31.CFrame = CFrame.new(-3.97007465, 3.78187084, 4.24853468, -0.996635199, 0.0817119554, -0.00644658739, 0.00797304511, 0.0183695462, -0.999806106, -0.0815761536, -0.996491373, -0.0189593937)
Part31.Orientation = Vector3.new(88.87000274658203, -161.22000122070312, 23.459999084472656)
Part31.Position = Vector3.new(-3.9700746536254883, 3.7818708419799805, 4.248534679412842)
Part31.Rotation = Vector3.new(91.08999633789062, -0.3700000047683716, -175.30999755859375)
Part31.Color = Color3.new(0.105882, 0.164706, 0.207843)
Part31.Size = Vector3.new(1, 0.4000000059604645, 1)
Part31.BottomSurface = Enum.SurfaceType.Smooth
Part31.BrickColor = BrickColor.new("Black")
Part31.TopSurface = Enum.SurfaceType.Smooth
Part31.brickColor = BrickColor.new("Black")
Part31.FormFactor = Enum.FormFactor.Plate
Part31.formFactor = Enum.FormFactor.Plate
SpecialMesh32.Parent = Part31
SpecialMesh32.Scale = Vector3.new(0.6000000238418579, 1.8000000715255737, 0.4000000059604645)
Part33.Parent = Tool0
Part33.CFrame = CFrame.new(-3.92101431, 3.79289031, 3.65063763, -0.996635139, 0.0817119852, -0.00644646212, 0.00797291938, 0.0183695462, -0.999806106, -0.0815761834, -0.996491373, -0.0189593825)
Part33.Orientation = Vector3.new(88.87000274658203, -161.22000122070312, 23.459999084472656)
Part33.Position = Vector3.new(-3.9210143089294434, 3.7928903102874756, 3.650637626647949)
Part33.Rotation = Vector3.new(91.08999633789062, -0.3700000047683716, -175.30999755859375)
Part33.Color = Color3.new(0.105882, 0.164706, 0.207843)
Part33.Size = Vector3.new(1, 0.4000000059604645, 1)
Part33.BottomSurface = Enum.SurfaceType.Smooth
Part33.BrickColor = BrickColor.new("Black")
Part33.TopSurface = Enum.SurfaceType.Smooth
Part33.brickColor = BrickColor.new("Black")
Part33.FormFactor = Enum.FormFactor.Plate
Part33.formFactor = Enum.FormFactor.Plate
SpecialMesh34.Parent = Part33
SpecialMesh34.Scale = Vector3.new(0.6000000238418579, 1.399999976158142, 0.4000000059604645)
Part35.Parent = Tool0
Part35.CFrame = CFrame.new(-3.93282747, 3.61048365, 3.77675176, 0.996635199, 0.00644658739, -0.0817119554, -0.00797304511, 0.999806106, -0.0183695462, 0.0815761536, 0.0189593937, 0.996491373)
Part35.Orientation = Vector3.new(1.0499999523162842, -4.690000057220459, -0.46000000834465027)
Part35.Position = Vector3.new(-3.9328274726867676, 3.6104836463928223, 3.776751756668091)
Part35.Rotation = Vector3.new(1.059999942779541, -4.690000057220459, -0.3700000047683716)
Part35.Color = Color3.new(0.486275, 0.360784, 0.27451)
Part35.Size = Vector3.new(1, 0.4000000059604645, 2)
Part35.BottomSurface = Enum.SurfaceType.Smooth
Part35.BrickColor = BrickColor.new("Brown")
Part35.TopSurface = Enum.SurfaceType.Smooth
Part35.brickColor = BrickColor.new("Brown")
Part35.FormFactor = Enum.FormFactor.Plate
Part35.formFactor = Enum.FormFactor.Plate
SpecialMesh36.Parent = Part35
SpecialMesh36.Scale = Vector3.new(0.5, 0.3999999761581421, 1.149999976158142)
SpecialMesh36.MeshType = Enum.MeshType.Brick
Part37.Parent = Tool0
Part37.CFrame = CFrame.new(-4.13097477, 3.79209137, 3.7638607, 0.996635199, 0.00644658646, -0.0817119256, -0.00797304325, 0.999806106, -0.0183695462, 0.0815761313, 0.0189593937, 0.996491373)
Part37.Orientation = Vector3.new(1.0499999523162842, -4.690000057220459, -0.46000000834465027)
Part37.Position = Vector3.new(-4.130974769592285, 3.7920913696289062, 3.7638607025146484)
Part37.Rotation = Vector3.new(1.059999942779541, -4.690000057220459, -0.3700000047683716)
Part37.Color = Color3.new(0.486275, 0.360784, 0.27451)
Part37.Size = Vector3.new(1, 0.4000000059604645, 2)
Part37.BottomSurface = Enum.SurfaceType.Smooth
Part37.BrickColor = BrickColor.new("Brown")
Part37.TopSurface = Enum.SurfaceType.Smooth
Part37.brickColor = BrickColor.new("Brown")
Part37.FormFactor = Enum.FormFactor.Plate
Part37.formFactor = Enum.FormFactor.Plate
SpecialMesh38.Parent = Part37
SpecialMesh38.Scale = Vector3.new(0.10000000149011612, 0.5, 1.149999976158142)
SpecialMesh38.MeshType = Enum.MeshType.Brick
Part39.Name = "Handle1"
Part39.Parent = Tool0
Part39.CFrame = CFrame.new(-3.73229241, 3.78889441, 3.79648089, 0.996635199, 0.00644658552, -0.0817119032, -0.00797304232, 0.999806106, -0.0183695424, 0.0815761089, 0.01895939, 0.996491373)
Part39.Orientation = Vector3.new(1.0499999523162842, -4.690000057220459, -0.46000000834465027)
Part39.Position = Vector3.new(-3.732292413711548, 3.7888944149017334, 3.796480894088745)
Part39.Rotation = Vector3.new(1.059999942779541, -4.690000057220459, -0.3700000047683716)
Part39.Color = Color3.new(0.486275, 0.360784, 0.27451)
Part39.Size = Vector3.new(1, 0.4000000059604645, 2)
Part39.BottomSurface = Enum.SurfaceType.Smooth
Part39.BrickColor = BrickColor.new("Brown")
Part39.TopSurface = Enum.SurfaceType.Smooth
Part39.brickColor = BrickColor.new("Brown")
Part39.FormFactor = Enum.FormFactor.Plate
Part39.formFactor = Enum.FormFactor.Plate
SpecialMesh40.Parent = Part39
SpecialMesh40.Scale = Vector3.new(0.10000000149011612, 0.5, 1.149999976158142)
SpecialMesh40.MeshType = Enum.MeshType.Brick
Part41.Parent = Tool0
Part41.CFrame = CFrame.new(-3.97843862, 4.1103878, 3.28043485, 0.0817118809, 0.996635199, -0.00644658506, 0.0183695424, -0.00797304045, -0.999806106, -0.996491373, 0.0815760791, -0.0189593844)
Part41.Orientation = Vector3.new(88.87000274658203, -161.22000122070312, 113.45999908447266)
Part41.Position = Vector3.new(-3.97843861579895, 4.110387802124023, 3.2804348468780518)
Part41.Rotation = Vector3.new(91.08999633789062, -0.3700000047683716, -85.30999755859375)
Part41.Color = Color3.new(0.105882, 0.164706, 0.207843)
Part41.Size = Vector3.new(1, 0.4000000059604645, 1)
Part41.BottomSurface = Enum.SurfaceType.Smooth
Part41.BrickColor = BrickColor.new("Black")
Part41.TopSurface = Enum.SurfaceType.Smooth
Part41.brickColor = BrickColor.new("Black")
Part41.FormFactor = Enum.FormFactor.Plate
Part41.formFactor = Enum.FormFactor.Plate
SpecialMesh42.Parent = Part41
SpecialMesh42.Scale = Vector3.new(0.10000000149011612, 0.7999999523162842, 0.10000000149011612)
Part43.Parent = Tool0
Part43.CFrame = CFrame.new(-3.87410998, 3.84337187, 3.08337021, 0.996635199, 0.00644658506, -0.0817118809, -0.00797304045, 0.999806106, -0.0183695424, 0.0815760791, 0.0189593844, 0.996491373)
Part43.Orientation = Vector3.new(1.0499999523162842, -4.690000057220459, -0.46000000834465027)
Part43.Position = Vector3.new(-3.874109983444214, 3.843371868133545, 3.0833702087402344)
Part43.Rotation = Vector3.new(1.059999942779541, -4.690000057220459, -0.3700000047683716)
Part43.Color = Color3.new(0.105882, 0.164706, 0.207843)
Part43.Size = Vector3.new(1, 0.4000000059604645, 1)
Part43.BottomSurface = Enum.SurfaceType.Smooth
Part43.BrickColor = BrickColor.new("Black")
Part43.TopSurface = Enum.SurfaceType.Smooth
Part43.brickColor = BrickColor.new("Black")
Part43.FormFactor = Enum.FormFactor.Plate
Part43.formFactor = Enum.FormFactor.Plate
SpecialMesh44.Parent = Part43
SpecialMesh44.Scale = Vector3.new(0.30000001192092896, 0.699999988079071, 0.699999988079071)
SpecialMesh44.MeshType = Enum.MeshType.Brick
Part45.Parent = Tool0
Part45.CFrame = CFrame.new(-3.87298369, 4.02333307, 3.08677816, 0.996635199, 0.00644658506, -0.0817118809, -0.00797304045, 0.999806106, -0.0183695424, 0.0815760791, 0.0189593844, 0.996491373)
Part45.Orientation = Vector3.new(1.0499999523162842, -4.690000057220459, -0.46000000834465027)
Part45.Position = Vector3.new(-3.872983694076538, 4.0233330726623535, 3.086778163909912)
Part45.Rotation = Vector3.new(1.059999942779541, -4.690000057220459, -0.3700000047683716)
Part45.Color = Color3.new(0.105882, 0.164706, 0.207843)
Part45.Size = Vector3.new(1, 0.4000000059604645, 1)
Part45.BottomSurface = Enum.SurfaceType.Smooth
Part45.BrickColor = BrickColor.new("Black")
Part45.TopSurface = Enum.SurfaceType.Smooth
Part45.brickColor = BrickColor.new("Black")
Part45.FormFactor = Enum.FormFactor.Plate
Part45.formFactor = Enum.FormFactor.Plate
SpecialMesh46.Parent = Part45
SpecialMesh46.Scale = Vector3.new(0.10000000149011612, 0.19999998807907104, 0.699999988079071)
SpecialMesh46.MeshType = Enum.MeshType.Brick
Part47.Parent = Tool0
Part47.CFrame = CFrame.new(-3.9419663, 3.82806444, 3.91046357, -0.996635199, 0.0817118809, -0.00644658506, 0.00797304045, 0.0183695424, -0.999806106, -0.0815760791, -0.996491373, -0.0189593844)
Part47.Orientation = Vector3.new(88.87000274658203, -161.22000122070312, 23.459999084472656)
Part47.Position = Vector3.new(-3.9419662952423096, 3.828064441680908, 3.910463571548462)
Part47.Rotation = Vector3.new(91.08999633789062, -0.3700000047683716, -175.30999755859375)
Part47.Color = Color3.new(0.105882, 0.164706, 0.207843)
Part47.Size = Vector3.new(1, 0.4000000059604645, 1)
Part47.BottomSurface = Enum.SurfaceType.Smooth
Part47.BrickColor = BrickColor.new("Black")
Part47.TopSurface = Enum.SurfaceType.Smooth
Part47.brickColor = BrickColor.new("Black")
Part47.FormFactor = Enum.FormFactor.Plate
Part47.formFactor = Enum.FormFactor.Plate
SpecialMesh48.Parent = Part47
SpecialMesh48.Scale = Vector3.new(0.6000000238418579, 1.2000000476837158, 0.4000000059604645)
Part49.Parent = Tool0
Part49.CFrame = CFrame.new(-4.00214767, 3.85450268, 4.6486454, -0.996635199, 0.0817118809, -0.00644658506, 0.00797304045, 0.0183695424, -0.999806106, -0.0815760791, -0.996491373, -0.0189593844)
Part49.Orientation = Vector3.new(88.87000274658203, -161.22000122070312, 23.459999084472656)
Part49.Position = Vector3.new(-4.002147674560547, 3.8545026779174805, 4.648645401000977)
Part49.Rotation = Vector3.new(91.08999633789062, -0.3700000047683716, -175.30999755859375)
Part49.Color = Color3.new(0.105882, 0.164706, 0.207843)
Part49.Size = Vector3.new(1, 0.4000000059604645, 1)
Part49.BottomSurface = Enum.SurfaceType.Smooth
Part49.BrickColor = BrickColor.new("Black")
Part49.TopSurface = Enum.SurfaceType.Smooth
Part49.brickColor = BrickColor.new("Black")
Part49.FormFactor = Enum.FormFactor.Plate
Part49.formFactor = Enum.FormFactor.Plate
SpecialMesh50.Parent = Part49
SpecialMesh50.Scale = Vector3.new(0.6000000238418579, 1.5999999046325684, 0.4000000059604645)
Part51.Parent = Tool0
Part51.CFrame = CFrame.new(-3.94989443, 3.34547043, 4.57329941, -0.0817118809, 0.00644658506, -0.996635199, -0.0183695424, 0.999806106, 0.00797304045, 0.996491373, 0.0189593844, -0.0815760791)
Part51.Orientation = Vector3.new(-0.46000000834465027, -94.68000030517578, -1.0499999523162842)
Part51.Position = Vector3.new(-3.949894428253174, 3.345470428466797, 4.573299407958984)
Part51.Rotation = Vector3.new(-174.4199981689453, -85.30000305175781, -175.49000549316406)
Part51.Color = Color3.new(0.105882, 0.164706, 0.207843)
Part51.Size = Vector3.new(1, 1, 1)
Part51.BottomSurface = Enum.SurfaceType.Smooth
Part51.BrickColor = BrickColor.new("Black")
Part51.TopSurface = Enum.SurfaceType.Smooth
Part51.brickColor = BrickColor.new("Black")
Part51.FormFactor = Enum.FormFactor.Symmetric
Part51.formFactor = Enum.FormFactor.Symmetric
SpecialMesh52.Parent = Part51
SpecialMesh52.MeshId = "http://www.roblox.com/asset/?id=3270017"
SpecialMesh52.Scale = Vector3.new(0.5, 0.4000000059604645, 0.6000000238418579)
SpecialMesh52.VertexColor = Vector3.new(0, 0, 0)
SpecialMesh52.MeshType = Enum.MeshType.FileMesh
Part53.Parent = Tool0
Part53.CFrame = CFrame.new(-3.75513077, 4.04334354, 4.10035515, 0.996635318, 0.00644658459, -0.0817118883, -0.00797303952, 0.999806106, -0.0183695368, 0.081576094, 0.0189593863, 0.996491492)
Part53.Orientation = Vector3.new(1.0499999523162842, -4.690000057220459, -0.46000000834465027)
Part53.Position = Vector3.new(-3.7551307678222656, 4.043343544006348, 4.10035514831543)
Part53.Rotation = Vector3.new(1.059999942779541, -4.690000057220459, -0.3700000047683716)
Part53.Color = Color3.new(0.105882, 0.164706, 0.207843)
Part53.Size = Vector3.new(1, 0.4000000059604645, 1)
Part53.BottomSurface = Enum.SurfaceType.Smooth
Part53.BrickColor = BrickColor.new("Black")
Part53.TopSurface = Enum.SurfaceType.Smooth
Part53.brickColor = BrickColor.new("Black")
Part53.FormFactor = Enum.FormFactor.Plate
Part53.formFactor = Enum.FormFactor.Plate
SpecialMesh54.Parent = Part53
SpecialMesh54.Scale = Vector3.new(0.10000000149011612, 0.7999999523162842, 0.10000000149011612)
SpecialMesh54.MeshType = Enum.MeshType.Brick
Part55.Parent = Tool0
Part55.CFrame = CFrame.new(-3.70607162, 4.05436468, 3.50244951, 0.996635318, 0.00644658459, -0.0817118883, -0.00797303952, 0.999806106, -0.0183695368, 0.081576094, 0.0189593863, 0.996491492)
Part55.Orientation = Vector3.new(1.0499999523162842, -4.690000057220459, -0.46000000834465027)
Part55.Position = Vector3.new(-3.706071615219116, 4.0543646812438965, 3.5024495124816895)
Part55.Rotation = Vector3.new(1.059999942779541, -4.690000057220459, -0.3700000047683716)
Part55.Color = Color3.new(0.105882, 0.164706, 0.207843)
Part55.Size = Vector3.new(1, 0.4000000059604645, 1)
Part55.BottomSurface = Enum.SurfaceType.Smooth
Part55.BrickColor = BrickColor.new("Black")
Part55.TopSurface = Enum.SurfaceType.Smooth
Part55.brickColor = BrickColor.new("Black")
Part55.FormFactor = Enum.FormFactor.Plate
Part55.formFactor = Enum.FormFactor.Plate
SpecialMesh56.Parent = Part55
SpecialMesh56.Scale = Vector3.new(0.10000000149011612, 0.7999999523162842, 0.10000000149011612)
SpecialMesh56.MeshType = Enum.MeshType.Brick
Part57.Parent = Tool0
Part57.CFrame = CFrame.new(-3.97561717, 4.31135845, 3.75604677, -0.996635199, 0.0817118809, -0.00644658506, 0.00797304045, 0.0183695424, -0.999806106, -0.0815760791, -0.996491373, -0.0189593844)
Part57.Orientation = Vector3.new(88.87000274658203, -161.22000122070312, 23.459999084472656)
Part57.Position = Vector3.new(-3.9756171703338623, 4.311358451843262, 3.756046772003174)
Part57.Rotation = Vector3.new(91.08999633789062, -0.3700000047683716, -175.30999755859375)
Part57.Color = Color3.new(0.105882, 0.164706, 0.207843)
Part57.Size = Vector3.new(1, 0.800000011920929, 1)
Part57.BottomSurface = Enum.SurfaceType.Smooth
Part57.BrickColor = BrickColor.new("Black")
Part57.TopSurface = Enum.SurfaceType.Smooth
Part57.brickColor = BrickColor.new("Black")
Part57.FormFactor = Enum.FormFactor.Plate
Part57.formFactor = Enum.FormFactor.Plate
SpecialMesh58.Parent = Part57
SpecialMesh58.Scale = Vector3.new(0.4000000059604645, 1.899999976158142, 0.2800000011920929)
Part59.Parent = Tool0
Part59.CFrame = CFrame.new(-3.75371289, 4.26333857, 4.10453463, -0.0817118883, 0.00644658459, -0.996635318, -0.0183695406, 0.999806225, 0.00797304045, 0.996491492, 0.0189593863, -0.081576094)
Part59.Orientation = Vector3.new(-0.46000000834465027, -94.68000030517578, -1.0499999523162842)
Part59.Position = Vector3.new(-3.7537128925323486, 4.263338565826416, 4.10453462600708)
Part59.Rotation = Vector3.new(-174.4199981689453, -85.30000305175781, -175.49000549316406)
Part59.Color = Color3.new(0.105882, 0.164706, 0.207843)
Part59.Size = Vector3.new(1, 0.4000000059604645, 1)
Part59.BottomSurface = Enum.SurfaceType.Smooth
Part59.BrickColor = BrickColor.new("Black")
Part59.TopSurface = Enum.SurfaceType.Smooth
Part59.brickColor = BrickColor.new("Black")
Part59.FormFactor = Enum.FormFactor.Plate
Part59.formFactor = Enum.FormFactor.Plate
SpecialMesh60.Parent = Part59
SpecialMesh60.Scale = Vector3.new(0.10000000149011612, 0.30000001192092896, 0.10000000149011612)
SpecialMesh60.MeshType = Enum.MeshType.Wedge
Part61.Parent = Tool0
Part61.CFrame = CFrame.new(-3.80432081, 4.27515125, 3.49846411, 0.996635199, 0.00644658506, -0.0817118809, -0.00797304045, 0.999806106, -0.0183695424, 0.0815760791, 0.0189593844, 0.996491373)
Part61.Orientation = Vector3.new(1.0499999523162842, -4.690000057220459, -0.46000000834465027)
Part61.Position = Vector3.new(-3.804320812225342, 4.275151252746582, 3.4984641075134277)
Part61.Rotation = Vector3.new(1.059999942779541, -4.690000057220459, -0.3700000047683716)
Part61.Color = Color3.new(0.105882, 0.164706, 0.207843)
Part61.Size = Vector3.new(1, 0.4000000059604645, 1)
Part61.BottomSurface = Enum.SurfaceType.Smooth
Part61.BrickColor = BrickColor.new("Black")
Part61.TopSurface = Enum.SurfaceType.Smooth
